Generation:
50

Phenotype:
np.where((x['BMI'] <= 28.9), np.where((x['Glucose'] <= 62) & (x['SkinThickness'] <= 37) & (x['BMI'] > 21.2), '0', '0'), np.where((x['Glucose'] <= 127), np.where((x['BloodPressure'] <= 110), '0', '0'), '1'))

Genotype:
[70200, 56427, 18309, 11797, 46106, 65168, 50775, 65593, 14789, 21407, 83931, 74307, 59394, 96574, 53341, 61991, 23049, 74414, 17113, 23480, 90134, 636, 3545, 41644, 96706, 9477, 35514, 64763, 3063, 98318, 80901, 57958, 43233, 1839, 38023, 23945, 94137, 21607, 75826, 25879, 19506, 23480, 90134, 636, 3545, 19708, 96706, 9477, 35514, 64763, 3063, 98318, 54349, 24675, 95742, 53540, 33118, 74707, 61922, 30125, 20104, 91449, 2862, 5550, 72971, 32391, 69751, 57311, 90597, 62646, 13730, 91503, 81151, 52645, 49440, 53547, 98824, 79046, 98424, 2673, 58446, 9487, 20383, 78018, 69346, 67388, 50184, 69667, 82501, 43197, 58265, 15265, 55323, 53987, 59593, 81048, 83402, 51185, 82039, 43291, 71232, 16957, 57503, 87139, 2745, 64664, 41914, 21978, 73870, 90561, 95053, 71927, 82294, 29576, 91548, 7039, 54004, 97137, 91373, 30894, 74212, 87204, 76336, 16177, 67352, 57222, 94272, 43956, 73754, 26146, 36560, 29480, 90722, 8096, 69181, 49078, 80379, 63592, 39081, 48009, 96417, 68074, 57286, 13775, 94483, 91173, 12991, 90183, 89045, 57247, 80585, 74019, 81855, 97456, 45013, 7309, 76561, 96955, 24742, 13931, 97171, 17599, 18485, 22517, 29876, 4938, 32984, 38278, 68970, 5239, 38350, 9629, 52848, 67692, 38177, 49622, 51445, 16398, 83503, 27473, 92153, 48471, 50749, 76960, 35148, 32303, 67974, 53267, 57698, 5217, 48917, 241, 36547, 10568, 47036, 83543, 75097, 63787, 35668, 93636, 17055, 13873, 65515, 67970, 55840, 80025, 36296, 93099, 37299, 73158, 29876, 72406, 57139, 78053, 87855, 40144, 84072, 15902, 25892, 68920, 59126, 46897, 53784, 84082, 11505, 30172, 27705, 41070, 96729, 69231, 97954, 36420, 62736, 82100, 85698, 89196, 78644, 17341, 88305, 2324, 65378, 63192, 58714, 16398, 97671, 58951, 12213, 47965, 3422, 97329, 49856, 20081, 57027, 91313, 88557, 62714, 28151, 47744, 25415, 1968, 40401, 72496, 78284, 85818]
Tree:
None

Training fitness:
0.7593839558944966
Test fitness:
0.0