Generation:
50

Phenotype:
np.where((x['33.6'] > 30.3) & (x['148'] > 131), np.where((x['0'] <= 78), '1', '1'), np.where((x['148'] > 165), np.where((x['0'] <= 41), np.where((x['72'] > 44), '1', '1'), '1'), np.where((x['33.6'] <= 48.8), '0', np.where((x['35'] <= 21) & (x['33.6'] > 27.7) & (x['148'] > 165) & (x['0'] <= 167) & (x['35'] > 47) & (x['72'] <= 46), np.where((x['33.6'] <= 37.8), np.where((x['72'] <= 122) & (x['6'] > 11), '1', np.where((x['72'] <= 38) & (x['148'] <= 96), '0', np.where((x['148'] > 81) & (x['35'] <= 51) & (x['0.627'] > 0.181) & (x['35'] > 13) & (x['148'] > 191) & (x['0'] > 72), '1', '0'))), np.where((x['35'] > 47), '0', '0')), np.where((x['33.6'] <= 22.4), np.where((x['6'] <= 7) & (x['33.6'] <= 30.3), np.where((x['6'] <= 1), '0', np.where((x['72'] <= 110) & (x['72'] <= 85) & (x['0'] <= 59) & (x['50'] > 41), '0', '0')), np.where((x['148'] <= 96) & (x['0.627'] <= 0.666), '0', '0')), '1')))))

Genotype:
[87582, 54740, 3694, 9293, 97209, 97864, 16537, 29240, 71928, 57363, 79676, 90158, 88043, 99577, 72269, 64489, 59762, 57403, 26785, 78509, 99770, 27546, 39820, 33276, 7876, 59488, 68298, 22941, 77339, 14779, 88043, 99577, 72269, 64489, 44644, 55254, 99757, 15117, 97209, 97864, 44176, 29240, 71928, 57363, 79676, 35510, 88043, 99577, 72269, 64489, 59762, 57403, 26785, 78509, 27191, 44757, 58348, 5905, 81820, 49043, 86434, 51645, 690, 68908, 60856, 79671, 2269, 21393, 56512, 89234, 49425, 78490, 55271, 67306, 65736, 34487, 88147, 83275, 10976, 72647, 75516, 20490, 86483, 56364, 98737, 89661, 62211, 61446, 97178, 48791, 24380, 82205, 45574, 34257, 70638, 78530, 58352, 44088, 11163, 25340, 72727, 23222, 48641, 83584, 27779, 77220, 66205, 33225, 93448, 99751, 80892, 92792, 97689, 82639, 86483, 56364, 68232, 81820, 40539, 86434, 51645, 690, 89433, 14654, 62640, 29223, 74605, 47846, 3694, 9293, 73950, 99496, 41385, 53778, 9293, 97209, 97864, 62715, 29240, 71928, 55107, 79676, 90158, 61403, 73656, 56346, 57149, 9131, 10680, 67306, 65736, 33728, 34398, 91732, 28189, 87583, 34487, 63044, 83275, 10976, 72647, 75516, 20490, 86483, 56364, 98737, 89661, 92025, 61446, 12367, 81391, 84408, 82205, 45574, 34257, 33781, 78530, 58352, 44088, 11163, 25340, 72727, 63228, 60715, 83584, 27779, 77220, 66205, 65064, 77730, 79853, 26689, 55540, 33282, 50849, 14505, 79676, 90158, 88043, 99577, 72269, 64489, 44644, 89556, 99757, 15117, 66945, 68232, 81820, 40539, 86434, 51645, 690, 89433, 68958, 58989, 15731, 47061, 89445, 25828, 57315, 90968, 51523, 89445, 25828, 57315, 90968, 17943, 11034, 4201, 81886, 26116, 33005, 33364, 98757, 42522, 36762, 40082, 11406, 3694, 9293, 97209, 97864, 50592, 29240, 71928, 45972, 79676, 90158, 44644, 74284, 99757, 15117, 66945, 68232, 62885, 51523, 89445, 91404, 98757, 42522, 70674, 16739, 78832, 69691, 25624, 32692, 4491, 11381, 12764, 88773, 73830, 80457, 4201, 21373, 26116, 48791, 84408, 82205, 45574, 34257, 70638, 78530, 58352, 44088, 11163, 99783, 72727, 63228, 60715, 83584, 27779, 77220, 66205, 65064, 77730, 79853, 26689, 55540, 33282, 50849, 56534, 18616, 7679, 61040, 5791, 93080, 99496, 77730, 79853, 26689, 55540, 33282, 50849, 56534, 18616, 7679, 61040, 5791, 93080, 99496, 41385, 53778, 31613, 15021, 36588, 62833, 13514, 20007, 18946, 93448, 99751, 80892, 92792, 97689, 82639, 52613, 52935, 68958, 96063, 15731, 47061, 39799, 91587, 21163, 98353, 99770, 27546, 39820, 33276, 48844, 59488, 68298, 22941, 77339, 14779, 97369, 32392, 92882, 10420, 963, 16075, 14053, 93561, 90887, 72516, 61403, 73656, 56346, 57149, 9131, 82552, 7870, 60127, 44644, 89556, 99757, 15117, 66945, 68232, 81820, 91404, 86434, 51645, 690, 89433, 54575, 62640, 29223, 98757, 42522, 79113, 51523, 89445, 25828, 57315, 25811, 17943, 99770, 85738, 39820, 33276, 48844, 59488, 78614, 22941, 77339, 14779, 97369, 32392, 92882, 10420, 963, 71703, 14053, 93561, 90887, 72516, 61403, 73656, 56346, 57149, 9131, 82552, 7870, 60127, 44644, 74284, 99757, 15117, 66945, 68232, 62885, 51523, 89445, 25828, 57315, 90968, 17943, 11034, 4201, 81886, 26116, 33005, 33364, 63844, 57286, 45294, 9171, 18497, 35213, 65445, 37015, 12531, 31641, 98061, 57412, 12434, 36804, 80888, 13863, 54211, 62074, 8108, 14663, 29252, 76206, 79598, 70558, 62377, 32137, 43712, 80326, 32726, 14432, 42121, 93635, 35354, 67950, 43072, 45044, 29274, 79637, 78805, 38169, 19767, 5744, 72978, 3703, 2639, 55628, 90470, 17527, 24576, 71663, 68256, 52385]
Tree:
None

Training fitness:
0.7648775150762875
Test fitness:
None