Generation:
50

Phenotype:
np.where((x['148'] > 129), np.where((x['50'] <= 62), '1', '0'), np.where((x['50'] <= 58) & (x['6'] > 12), '0', np.where((x['6'] <= 13), np.where((x['50'] > 42) & (x['50'] <= 52) & (x['0.627'] > 0.223) & (x['6'] <= 11), np.where((x['0.627'] <= 0.096), '1', '1'), np.where((x['0'] > 158), np.where((x['6'] <= 11) & (x['0.627'] > 0.711), np.where((x['6'] > 0), '1', np.where((x['35'] <= 35), '1', '0')), np.where((x['6'] > 8), np.where((x['33.6'] > 39.3), '1', '1'), '0')), '0')), np.where((x['33.6'] > 52.3), '1', '0'))))

Genotype:
[42184, 6031, 43985, 53262, 9942, 58206, 58655, 74193, 83493, 26481, 40553, 65808, 40950, 98270, 80535, 32727, 95977, 7759, 38736, 49499, 30655, 96478, 35476, 16203, 96376, 20362, 67174, 48020, 91151, 8749, 56079, 35381, 1853, 47076, 80535, 2423, 30655, 96478, 52520, 16203, 96376, 15991, 91760, 40134, 58206, 8664, 74193, 98491, 26481, 48347, 58436, 86020, 88524, 89148, 82824, 13832, 48918, 38736, 79809, 30655, 96478, 35476, 82616, 18784, 43208, 89148, 25753, 43139, 48918, 59706, 78467, 1405, 27869, 36843, 21161, 87422, 29620, 45379, 87616, 78191, 31716, 97177, 34197, 44588, 84527, 9021, 5345, 5623, 27159, 15106, 24069, 52496, 85924, 28900, 51645, 11461, 17107, 58063, 53883, 70818, 71641, 32693, 76314, 57016, 29394, 98646, 73864, 98069, 40263, 91518, 23023, 3751, 99254, 2061, 50289, 53541, 49818, 64763, 79752, 28573, 4844, 33137, 51528, 4564, 91056, 84930, 6760, 48474, 2735, 75158, 543, 80719, 24097, 1395, 21353, 80327, 5622, 17670, 2263, 85853, 93670, 64593, 23619, 49554, 41356, 20437, 51828, 76932, 71236, 89390, 30899, 89604, 30405, 65654, 45152, 35331, 60191, 82831, 32402, 4585, 81165, 69691, 8165, 52314, 76232, 28502, 78533, 87646, 40412, 89270, 75706, 9684, 91030, 87893, 44228, 32176, 34803, 69277, 45643, 68899, 59044, 53552, 605, 96491, 69145, 96165, 71057, 79855, 98336, 9116, 8166, 40486, 93301, 13087, 99396, 72199, 78424, 10772, 68200, 72967, 30517, 7026, 77564, 58509, 76455, 75769, 49952, 31888, 21714, 16425, 83195, 96228, 21420, 41128, 43707, 43810, 60060, 75965, 51671, 9814, 60478, 30230, 31190, 2873, 65102, 13053, 44032, 29293, 79955, 40221, 52653, 72766, 11735, 35833, 87213, 69468, 99358, 36736, 95749, 37791, 92813, 49856, 80255, 88001, 49368, 4289, 99328, 28997, 36048, 22572, 47815, 98608, 84238, 7643, 85208, 76248, 22776, 93474, 14154, 57716, 11645, 85395, 69472, 85542, 1545, 19982, 55266, 3215]
Tree:
None

Training fitness:
0.7479765898464955
Test fitness:
None